[51190,
Unknown,
60983,
33827,
6328,
55042,
12219,
1000430,
1000434,
1000426,
1006807,
62771,
1000043,
1000905,
6667,
53026,
1003036,
65190,
53089,
50701,
28492,
1005509,
1000907,
Unknown,
Unknown,
Unknown,
1000431,
1009857,
1004057,
25598,
1000438,
53504,
50252,
54843,
33293,
54938,
1004118,
60986,
27102,
1010251,
50483,
1002598,
1002992,
53839,
53990,
54690,
54947,
61488,
62651,
803,
64051,
1001271,
1000347,
1000422,
1001047,
1001264,
1001290,
1001291,
1001333,
1001337,
1001690,
1001708,
1001709,
1001712,
1001728,
1001831,
1001843,
1001847,
1001903,
1001905,
1001928,
1001933,
1002054,
1002403,
1002891,
1003026,
1003029,
1003030,
1005355,
1007550,
1009106,
1009113,
12162,
2489,
52343,
52516,
53533,
53963,
1002374,
1008676,
1010208,
50669,
54701,
54806,
55757,
61151,
18113,
1004102,
1001981,
1002995,
]