[51190,
Unknown,
33827,
1000430,
1000426,
1006807,
62771,
1000043,
53026,
1003036,
65190,
53089,
50701,
28492,
1005509,
1000907,
Unknown,
Unknown,
Unknown,
1000431,
1000438,
53504,
50252,
33293,
54938,
1004118,
60986,
27102,
1010251,
50483,
1002598,
1002992,
53839,
53990,
54947,
61488,
62651,
803,
64051,
1001271,
1000422,
1001015,
1001018,
1001020,
1001047,
1001066,
1001067,
1001264,
1001294,
1001333,
1001337,
1001690,
1001708,
1001712,
1001720,
1001728,
1001731,
1001827,
1001831,
1001852,
1001858,
1001905,
1001908,
1001922,
1001930,
1001933,
1001997,
1002054,
1002403,
1002994,
1003026,
1003029,
1003030,
1003031,
1003032,
1005355,
1007550,
1009106,
1009113,
12162,
2489,
52343,
52516,
53533,
53963,
50669,
55757,
61151,
18113,
1004102,
1003009,
1001981,
1003001,
1003002,
1003003,
1003005,
1003011,
1003015,
1003019,
21242,
]